1.1 
1.06603 
1 
1.1 
0.633013 
0.75 
0.6 
1.06603 
1 
0.6 
1.06603 
1 
0.1 
0.633013 
0.75 
0.1 
1.06603 
1 
0.1 
0.633013 
0.75 
0.6 
0.2 
0.5 
0.1 
0.2 
0.5 
0.6 
0.2 
0.5 
1.1 
0.633013 
0.75 
1.1 
0.2 
0.5 
1.1 
0.633013 
0.75 
0.1 
0.633013 
0.75 
0.6 
1.06603 
1 
0.1 
0.633013 
0.75 
1.1 
0.633013 
0.75 
0.6 
0.2 
0.5 
1.1 
0.2 
0.5 
1.1 
0.633013 
0.75 
0.85 
0.166506 
1.05801 
1.1 
0.633013 
0.75 
1.1 
1.06603 
1 
0.85 
0.599519 
1.30801 
0.85 
0.599519 
1.30801 
0.6 
0.133013 
1.61603 
0.85 
0.166506 
1.05801 
0.85 
0.166506 
1.05801 
1.1 
0.633013 
0.75 
0.85 
0.599519 
1.30801 
0.1 
0.2 
0.5 
0.35 
0.166506 
1.05801 
0.1 
0.633013 
0.75 
0.1 
0.633013 
0.75 
0.35 
0.599519 
1.30801 
0.1 
1.06603 
1 
0.35 
0.599519 
1.30801 
0.35 
0.166506 
1.05801 
0.6 
0.133013 
1.61603 
0.35 
0.166506 
1.05801 
0.35 
0.599519 
1.30801 
0.1 
0.633013 
0.75 
0.1 
0.2 
0.5 
0.6 
0.2 
0.5 
0.35 
0.166506 
1.05801 
0.6 
0.2 
0.5 
1.1 
0.2 
0.5 
0.85 
0.166506 
1.05801 
0.85 
0.166506 
1.05801 
0.6 
0.133013 
1.61603 
0.35 
0.166506 
1.05801 
0.35 
0.166506 
1.05801 
0.6 
0.2 
0.5 
0.85 
0.166506 
1.05801 
0.1 
1.06603 
1 
0.35 
0.599519 
1.30801 
0.6 
1.06603 
1 
0.6 
1.06603 
1 
0.85 
0.599519 
1.30801 
1.1 
1.06603 
1 
0.85 
0.599519 
1.30801 
0.35 
0.599519 
1.30801 
0.6 
0.133013 
1.61603 
0.35 
0.599519 
1.30801 
0.85 
0.599519 
1.30801 
0.6 
1.06603 
1 
